Target ID;1133;1482;673;1908;2976;2356;1325;1905;1011;920;1547;869;184
Nr. Cmps;9558;9314;8456;7619;7063;4986;4472;4389;4328;1002;1003;998;998
ST_ECE;0.0234;0.0545;0.0558;0.0612;0.0432;0.2523;0.0581;0.1918;0.1951;0.1344;0.0310;0.0923;0.0480
ST_ACE;0.0233;0.0627;0.0618;0.0610;0.0335;0.3002;0.1764;0.1919;0.1952;0.1216;0.0440;0.1305;0.0813
ST_AUC;0.7352;0.7352;0.8643;0.7646;0.7794;0.7740;0.7448;0.5433;0.3041;0.8020;0.721;0.8551;0.4913
ST_PR;0.3002;0.4917;0.8284;0.6175;0.9311;0.9604; 0.7461;0.0499;0.1292;0.8594 ;0.2563;0.6778;0.1970
MT_SM_ECE;0.0321;0.1057;0.0562;0.0901;0.0620;0.0513;0.0515;0.0197; 0.0121; 0.1256;0.0367;0.0450; 0.0791
MT_SM_ACE;0.0263;0.0963;0.0596;0.0866;0.0760;0.4522;0.0573;0.0254;0.0138;0.0770;0.0547;0.0335;0.0976
MT_SM_AUC;0.7895;0.7727;0.8597;0.7797;0.8063;0.8146;0.8350;0.7722; 0.7841; 0.8365;0.8806;0.8877;0.4772
MT_SM_PR;0.2610;0.5347;0.8144;0.6216;0.9474;0.9698;0.8184;0.4434;0.0508;0.8746;0.6145;0.7408;0.1535
MT_LM_ECE;0.0057;0.0231;0.0562;0.0167;0.0288;0.0167;0.0211;0.0266;0.0111;0.0818; 0.0571;0.0567; 0.0819
MT_LM_ACE;0.0040;0.0171;0.0596;0.0144;0.2214;0.7049;0.2207;0.0110;0.0065;0.2299;0.0209;0.0240;0.0313
MT_LM_AUC;0.9737; 0.9771;0.8597;0.9704;0.9680; 0.9925;0.9861;0.9555;0.9907;0.9743;0.9915; 0.9769;0.9742
MT_LM_PR;0.8716;0.9451;0.8144;0.9358;0.9908;0.9989;0.9849;0.7880;0.8868;0.9748;0.9322; 0.9401;0.8955